92
40
56
96
138
20
162
102
182
168
34
96
42
34
14
50
76
74
38
128
14
54
72
164
154
164
38
10
118
108
76
96
108
82
60
26
114
82
138
92
44
6
82
20
240
62
250
126
18
92
20
36
214
54
64
36
72
6
30
50
350
80
38
162
6
166
264
132
38
124
214
84
32
32
146
128
148
38
24
120
18
24
38
108
8
142
392
116
46
76
140
142
90
132
122
40
216
10
116
10
126
26
14
30
30
46
194
68
20
24
20
172
18
26
8
114
44
62
114
106
200
118
212
54
150
262
10
6
50
52
110
16
40
8
34
28
50
252
114
40
92
66
60
80
56
66
230
48
100
116
172
20
38
142
202
24
138
112
26
48
204
80
70
18
94
18
80
46
28
26
252
94
30
34
30
8
96
10
18
174
214
156
58
14
258
356
40
78
94
50
88
10
120
86
22
112
52
10
86
76
104
30
10
78
26
112
258
106
62
6
58
84
214
128
18
206
166
86
220
124
218
130
66
48
62
192
56
42
228
112
36
188
136
66
78
86
56
116
32
20
42
14
56
18
82
24
156
74
54
106
168
44
24
72
106
104
8
168
44
144
24
14
56
90
84
20
14
80
334
58
190
86
234
144
210
114
12
130
46
110
26
172
8
56
10
44
40
88
112
40
16
12
96
106
46
66
48
104
6
104
96
60
326
98
72
70
10
28
88
24
130
270
412
76
6
188
52
30
68
46
10
54
138
114
36
130
90
72
28
166
52
106
136
76
48
116
66
48
8
238
30
56
10
38
336
20
32
14
20
106
420
78
26
20
218
146
118
80
122
148
20
22
70
120
100
50
130
48
124
180
68
128
32
114
34
80
42
58
38
14
50
78
86
32
22
304
80
52
230
32
14
78
10
158
30
70
18
50
58
54
166
6
58
24
128
10
38
34
34
12
56
10
60
56
186
64
58
64
102
68
26
88
262
108
84
16
58
48
76
98
48
10
130
94
146
12
20
8
128
50
82
18
26
152
46
24
56
96
20
70
114
102
30
50
16
66
214
74
130
28
52
82
96
162
96
72
56
32
140
68
102
148
44
14
8
8
34
62
8
140
138
70
80
74
490
60
136
132
130
178
22
98
12
46
96
24
10
24
10
140
18
12
40
80
32
6
38
86
56
168
48
200
170
34
40
62
60
58
30
92
68
146
16
72
104
238
40
34
34
76
86
30
30
112
108
10
10
16
58
70
24
236
98
214
108
32
22
14
68
40
36
92
20
106
118
124
50
200
102
26
14
32
160
126
14
44
40
62
154
212
108
132
282
88
20
52
156
242
26
22
54
424
20
98
34
54
12
80
86
38
6
100
34
114
32
154
60
174
40
44
46
30
194
158
158
132
124
6
24
44
172
20
114
170
70
14
24
38
32
62
10
12
30
40
48
44
24
122
78
82
184
292
214
30
332
152
166
124
12
76
34
14
8
26
22
98
366
90
10
112
296
138
20
10
72
312
48
66
252
246
16
46
14
150
76
390
92
108
28
314
22
50
60
20
174
24
136
68
60
74
10
198
148
30
14
58
178
86
112
118
92
28
64
24
26
324
38
52
146
32
92
54
50
32
16
44
20
340
6
414
138
56
128
98
100
158
6
142
16
100
152
24
96
64
76
32
94
128
22
90
86
20
80
6
104
22
12
24
132
56
8
252
52
72
28
6
8
14
6
28
34
46
24
48
48
214
28
166
40
108
10
24
56
64
108
134
278
60
104
10
44
44
94
42
24
96
240
12
28
48
16
238
28
128
276
82
16
62
146
10
140
28
96
56
24
246
12
20
164
10
12
120
36
66
120
18
40
502
30
16
40
60
38
42
196
70
202
40
12
248
18
16
108
18
8
170
66
62
18
22
22
44
34
44
218
32
108
26
48
148
102
158
122
28
78
178
58
32
52
22
14
28
6
220
144
104
176
34
20
52
80
118
130
32
194
12
66
110
114
240
20
16
206
20
110
134
526
24
302
172
110
22
24
72
90
158
22
90
52
70
46
114
134
60
234
124
6
42
118
68
68
126
112
48
100
10
14
28
208
48
52
14
48
144
14
74
246
54
156
84
84
282
66
26
22
372
34
52
190
18
18
46
20
194
58
80
46
56
20
112
22
80
10
34
62
72
6
58
44
30
30
50
110
60
44
100
86
12
42
68
42
106
82
86
218
262
22
14
58
56
12
96
198
18
10
88
104
208
78
292
60
16
42
24
30
490
32
26
122
262
68
80
14
126
12
52
100
78
70
40
74
40
166
96
294
216
50
34
62
12
78
30
54
24
86
76
172
82
10
26
90
32
40
94
164
12
34
54
124
56
40
30
18
64
34
26
132
10
52
90
16
54
60
22
128
26
272
112
58
10
32
12
24
200
64
128
68
198
10
78
44
50
256
206
68
10
6
22
58
22
20
126
24
80
68
94
18
62
60
234
58
284
66
186
36
26
92
150
40
18
58
22
70
12
116
172
286
248
22
46
140
26
66
114
166
128
176
60
280
148
34
36
32
298
184
90
62
48
240
270
14
6
24
22
74
72
320
296
12
64
114
108
40
10
196
72
24
100
8
202
22
138
42
40
50
48
6
28
88
24
88
334
24
32
148
16
100
50
22
142
116
6
50
30
42
70
8
8
22
64
20
18
22
26
92
92
272
10
76
116
52
22
28
18
344
160
14
108
14
84
18
114
20
110
254
106
88
14
20
50
30
66
46
32
240
20
20
144
232
60
146
164
168
112
204
190
120
50
124
36
24
70
28
40
98
48
24
122
246
174
170
160
104
44
60
146
196
38
8
166
112
8
184
86
60
138
40
186
338
42
32
94
120
202
24
22
94
560
44
38
128
32
78
94
40
226
48
28
132
78
184
42
18
6
16
190
16
250
52
20
166
28
18
466
346
12
106
8
222
8
404
110
40
22
116
270
74
78
52
200
90
16
80
104
122
44
28
122
14
26
68
150
50
114
44
68
260
68
10
104
278
46
162
56
46
172
270
222
102
46
134
288
94
32
20
36
28
40
26
30
76
12
102
98
76
74
44
24
52
24
68
90
108
20
32
10
64
72
44
68
128
28
6
32
142
98
62
328
36
36
62
40
92
52
60
144
34
26
118
294
20
16
146
144
48
36
174
30
120
6
138
78
16
50
26
58
20
48
98
46
154
78
98
48
116
20
20
10
46
70
66
166
34
20
140
30
106
102
40
144
194
158
134
66
134
74
6
222
44
70
58
180
110
122
16
270
184
46
38
26
10
24
98
114
82
16
56
176
12
260
62
80
58
28
10
36
94
50
24
62
134
42
24
142
64
18
72
182
12
32
98
6
70
232
148
118
102
108
12
42
110
198
54
10
14
6
66
166
94
44
202
148
42
48
48
76
84
20
54
132
76
36
174
8
38
72
10
46
46
88
108
26
92
66
84
58
158
130
156
20
36
48
78
60
130
22
64
190
16
18
8
58
52
8
146
108
46
24
38
50
90
6
24
152
60
26
156
132
110
54
38
98
8
68
44
46
96
156
72
100
180
70
20
82
162
30
64
24
116
84
42
58
146
24
178
22
12
22
38
28
50
24
40
8
34
44
88
94
68
22
12
188
108
190
12
8
24
110
58
6
168
24
6
36
42
32
106
226
116
62
16
242
236
136
12
62
16
42
30
96
100
208
68
114
158
74
148
12
40
6
56
118
14
118
62
28
144
56
46
54
80
74
40
28
82
34
18
16
170
36
36
56
42
14
38
156
66
8
90
164
172
110
212
76
38
60
30
122
66
122
310
54
48
98
152
126
18
88
142
14
18
114
6
244
134
56
40
130
20
22
20
6
46
88
206
204
14
162
10
74
48
48
18
70
12
140
48
42
190
24
92
144
96
48
30
38
102
18
94
30
48
58
34
38
12
48
44
48
132
90
140
60
118
38
86
78
86
132
42
156
92
38
26
70
130
70
46
180
20
8
186
68
268
152
38
72
206
46
20
110
16
90
24
112
34
72
22
34
58
6
350
22
170
8
100
76
24
28
26
132
94
164
78
50
28
158
86
18
116
30
46
94
96
60
12
14
62
46
108
34
68
26
28
20
8
326
32
50
108
40
306
84
180
142
22
196
116
18
168
150
104
54
72
12
38
28
50
26
86
26
208
76
40
22
172
84
182
102
110
102
84
32
86
72
50
8
160
62
154
74
16
34
190
20
54
12
22
198
76
94
44
24
16
20
92
70
106
26
10
58
50
30
148
70
8
18
50
8
28
60
112
24
26
440
198
138
196
154
38
112
48
44
32
6
236
48
92
200
160
106
84
118
100
114
158
16
60
76
188
100
104
8
14
28
46
50
116
156
28
182
20
186
18
66
206
84
10
118
6
118
226
130
138
18
150
196
18
42
28
14
272
198
54
222
102
22
48
42
122
78
8
56
20
450
98
148
112
12
158
46
46
114
14
20
12
10
6
68
118
14
22
144
70
14
172
92
216
48
274
134
64
110
202
38
8
30
276
14
16
128
26
194
24
24
78
26
64
12
46
356
52
206
134
164
190
92
130
46
32
38
142
110
80
54
82
190
16
70
32
184
88
44
6
268
68
32
76
32
30
60
190
34
74
116
40
16
28
54
92
22
10
34
130
34
168
42
98
254
114
34
112
36
58
22
34
132
40
10
154
68
92
52
150
58
78
46
114
64
100
22
66
42
70
110
54
34
8
52
34
8
180
8
106
32
116
96
54
264
122
102
18
30
140
76
58
10
10
76
34
66
62
30
118
38
14
70
22
40
122
74
70
32
132
24
50
54
38
152
82
34
16
116
28
46
190
98
134
38
42
192
78
38
90
10
32
32
62
66
22
34
126
24
104
52
120
48
42
84
8
10
18
28
104
48
140
50
86
28
148
102
18
50
74
10
14
14
28
84
62
354
76
128
56
64
284
70
44
46
42
110
74
126
166
84
20
94
16
122
34
80
56
156
48
24
52
14
58
52
152
138
6
130
6
72
8
48
58
90
28
122
32
104
54
56
94
134
46
104
54
54
108
110
52
54
44
8
50
56
136
146
196
74
44
12
32
78
44
44
20
190
20
76
126
38
68
22
198
174
42
90
16
20
12
62
212
28
10
84
330
52
116
34
154
100
78
232
94
70
30
18
58
82
30
170
172
36
46
74
40
34
142
20
114
38
14
66
22
52
30
28
270
118
98
12
58
270
68
48
178
26
208
26
46
24
10
62
116
26
8
54
134
66
14
98
14
54
32
156
20
126
32
14
182
88
92
72
56
202
84
20
68
132
340
60
48
96
46
12
28
22
212
144
44
224
72
44
50
150
156
16
84
196
68
90
16
44
172
150
36
116
28
58
14
62
20
194
112
42
70
26
46
30
256
38
106
74
62
34
278
120
48
106
228
16
34
26
32
18
32
44
24
192
56
166
156
60
142
28
68
106
24
130
38
60
38
136
58
40
64
26
104
30
50
12
76
116
114
44
26
210
42
148
56
14
104
14
202
18
166
70
108
18
118
128
30
92
104
128
56
238
20
28
12
42
98
14
36
170
72
10
54
18
178
264
104
26
62
60
116
12
22
10
54
220
36
136
24
6
18
36
114
62
56
10
10
62
46
36
116
120
292
60
28
10
44
360
100
174
8
92
64
24
6
178
36
32
44
50
48
74
32
224
164
18
68
146
76
82
42
66
36
8
52
144
52
120
66
36
82
38
100
34
6
78
20
14
34
22
122
198
122
76
48
106
72
82
16
24
6
90
46
10
124
92
120
64
148
36
68
8
52
86
294
116
80
48
76
120
40
18
30
78
64
40
20
30
26
16
16
12
44
20
18
80
12
40
132
60
58
24
102
98
172
238
14
38
306
214
40
120
38
204
76
68
166
166
190
8
150
120
174
196
48
32
46
86
84
74
138
136
66
56
146
12
212
6
8
108
62
190
326
42
86
20
44
8
86
22
70
80
308
84
84
74
72
114
100
300
160
372
26
18
56
52
32
174
84
40
14
10
126
132
160
34
178
20
144
56
80
72
54
42
96
60
34
108
44
40
14
150
20
84
110
146
188
92
52
18
8
118
72
54
224
222
128
10
48
46
508
12
70
168
30
8
174
60
18
24
10
14
24
88
140
118
232
8
122
34
64
40
10
42
94
38
6
72
68
40
112
70
238
52
16
60
48
20
136
20
48
84
100
34
186
72
36
28
36
30
12
20
164
134
94
80
92
54
112
116
70
228
100
38
62
42
54
104
134
222
90
24
148
18
28
78
242
90
10
6
10
172
32
62
86
38
60
92
128
58
64
76
26
48
122
76
132
54
18
6
78
126
28
212
58
74
42
22
6
18
28
48
108
104
22
34
116
30
68
110
110
44
8
220
62
18
40
34
104
12
80
24
64
26
182
62
42
74
132
112
266
44
50
222
34
54
240
16
16
178
116
224
12
14
74
66
18
8
24
14
26
110
28
84
84
74
246
94
48
50
78
124
32
10
352
22
48
108
120
68
54
72
170
56
14
28
14
144
38
80
38
42
54
60
66
32
8
208
134
130
192
132
50
72
72
38
94
20
170
136
24
16
62
28
40
40
26
166
6
32
132
94
214
86
290
50
68
176
58
34
28
108
32
92
16
118
34
34
62
72
14
10
44
12
28
26
120
68
56
16
118
32
102
12
168
104
360
286
56
22
34
152
76
10
46
186
54
8
62
18
90
152
18
8
14
6
70
14
114
118
58
48
30
452
46
212
152
166
78
48
38
90
22
34
64
60
46
168
42
24
78
44
100
84
44
126
56
124
146
44
152
150
18
84
64
18
20
174
112
208
32
136
234
14
54
14
446
18
64
96
48
16
62
50
216
56
60
26
54
40
146
124
58
62
26
132
116
18
110
26
90
118
216
22
310
126
18
10
8
54
36
16
8
234
66
36
30
110
100
62
18
32
52
72
6
24
134
8
234
56
12
110
152
56
64
124
164
40
10
28
12
18
90
206
34
38
88
32
64
14
96
10
10
80
24
18
76
92
140
18
26
64
44
20
56
270
52
96
88
12
70
104
182
126
102
38
8
30
246
104
10
120
66
170
58
30
34
330
16
94
20
12
36
12
66
142
84
26
18
106
12
116
176
88
12
186
72
96
20
8
16
104
542
32
20
106
114
8
64
28
168
166
174
112
56
80
78
12
118
6
92
242
8
188
72
92
40
38
78
12
10
148
30
152
12
62
20
74
6
24
80
24
228
104
38
42
132
24
22
324
26
86
70
134
48
48
108
16
50
50
56
12
28
224
140
164
122
28
90
88
36
110
40
50
36
66
230
120
204
70
10
78
42
22
94
18
132
8
76
112
148
366
40
26
36
52
40
116
102
42
248
76
140
144
44
22
30
50
160
34
78
98
30
164
94
22
38
42
16
108
16
26
112
48
34
70
96
48
128
44
10
48
40
484
92
8
190
84
16
48
156
154
68
8
52
158
166
80
58
18
182
18
124
8
60
48
6
16
76
30
14
438
170
74
56
20
6
64
20
146
80
24
182
80
10
60
134
50
356
118
80
18
50
40
322
14
172
202
82
22
74
132
104
134
84
60
186
102
68
20
6
112
108
98
90
140
26
66
20
102
30
130
90
96
38
64
10
106
96
46
8
204
68
14
88
150
154
78
28
208
14
140
64
192
16
12
64
216
110
168
108
18
44
28
106
134
246
12
60
10
116
74
84
36
110
368
10
60
44
164
16
50
258
72
78
142
20
54
32
88
24
130
104
124
74
16
22
8
32
172
82
92
52
152
24
130
64
32
42
44
34
144
58
84
92
70
58
76
40
72
26
62
12
94
84
58
280
126
48
8
502
70
28
30
20
38
36
22
8
36
272
8
134
30
82
18
40
108
62
12
50
132
10
44
60
54
38
78
18
86
30
86
82
88
28
90
14
40
74
52
66
72
16
98
180
26
24
30
106
38
64
36
78
48
232
162
152
106
156
296
244
18
66
50
118
120
104
318
18
70
12
28
118
68
42
8
228
72
90
192
8
54
8
58
306
70
126
18
22
78
14
82
10
124
100
32
100
32
64
66
142
118
16
94
196
56
62
110
92
16
10
30
52
78
70
100
46
64
24
72
8
62
84
30
166
36
22
32
110
40
48
100
52
178
110
74
58
76
76
196
66
192
206
340
208
258
22
136
8
50
56
48
118
40
10
76
42
88
92
92
44
194
62
54
86
16
32
32
62
14
220
112
8
22
156
102
24
150
56
70
20
48
14
42
598
38
114
40
100
52
94
44
56
40
24
152
8
130
110
10
34
284
38
16
126
56
80
20
56
20
36
74
10
26
30
8
58
62
36
214
22
104
260
230
68
48
22
310
18
40
294
22
74
16
90
74
100
50
40
18
8
128
126
118
88
10
28
136
102
114
72
14
16
142
290
52
34
120
58
74
38
20
220
86
94
330
48
6
64
62
118
92
118
48
70
18
12
90
194
60
64
66
94
106
30
166
26
56
112
54
46
28
16
36
116
16
192
18
36
86
44
54
6
24
12
114
188
20
42
224
76
40
48
136
32
116
130
8
88
60
58
136
254
16
82
50
58
52
72
120
110
112
30
38
74
16
20
52
204
56
110
132
102
132
14
126
20
34
102
44
10
36
286
132
14
34
62
140
18
248
6
46
72
58
76
76
14
50
106
44
14
78
110
8
122
20
12
86
10
12
66
122
22
112
62
12
98
130
182
12
74
118
262
102
68
82
124
136
126
102
30
232
12
54
30
8
14
24
38
350
30
44
36
76
40
74
122
24
96
8
260
54
232
182
10
134
58
10
244
42
290
100
40
48
188
44
40
84
76
168
108
58
28
114
10
120
50
70
18
32
52
16
24
142
60
22
154
44
16
28
94
8
118
52
40
70
88
34
50
10
64
114
50
66
170
28
90
24
8
82
80
88
48
148
88
24
120
132
90
198
172
176
94
20
108
40
94
224
92
84
26
50
106
68
64
78
326
16
74
30
130
70
38
134
96
38
12
8
144
12
88
88
122
194
100
40
78
48
38
66
84
22
134
40
32
300
34
110
24
42
76
28
36
26
10
52
64
42
32
10
62
32
64
52
118
24
42
142
88
76
42
58
46
22
70
102
14
10
12
100
12
50
196
156
16
42
28
110
180
88
140
74
68
240
40
132
106
102
32
46
240
42
14
106
338
36
60
104
252
140
12
140
162
134
132
12
88
88
22
68
10
10
120
24
98
156
60
32
42
112
46
44
84
52
84
84
260
28
88
108
96
204
64
126
20
82
12
48
16
94
242
100
48
134
78
38
52
34
116
64
192
116
74
56
114
188
12
32
30
58
322
124
16
112
38
116
18
70
90
112
106
18
14
46
96
16
36
12
18
118
70
18
26
22
150
12
86
46
44
378
46
26
198
18
74
12
12
66
34
14
38
58
56
42
54
62
30
16
110
72
48
20
10
60
36
118
18
8
68
128
14
98
44
190
24
186
30
140
32
230
104
158
128
134
150
58
36
288
206
70
34
162
126
30
92
16
32
48
78
24
46
394
182
142
60
76
16
130
60
88
20
108
50
12
100
74
276
76
122
34
68
40
50
104
34
66
128
76
196
74
18
22
120
102
54
38
28
30
26
26
76
144
56
78
6
400
110
22
44
22
140
90
74
50
80
10
26
70
136
36
24
138
178
32
288
14
34
412
38
54
248
10
140
64
112
16
116
34
62
78
146
112
30
126
18
24
38
8
24
20
12
46
12
50
106
38
22
28
78
410
274
132
382
28
22
84
66
76
106
64
228
228
6
68
18
12
14
86
40
224
54
80
138
82
24
32
128
68
208
150
18
38
88
74
16
16
6
86
118
16
24
54
10
54
34
20
62
116
280
94
26
8
142
16
30
136
88
254
28
44
58
196
28
168
292
30
18
60
70
216
40
44
22
80
22
306
36
200
372
34
94
312
142
30
14
132
128
74
22
100
92
8
266
26
90
14
30
128
34
32
86
366
224
224
52
318
6
10
36
18
104
28
178
44
6
102
28
36
132
18
158
116
82
132
60
120
128
72
44
212
94
38
50
110
150
54
42
26
16
320
26
34
122
52
42
36
24
66
10
74
12
34
16
120
214
14
14
68
20
276
146
218
8
86
40
40
94
26
188
40
34
8
130
176
64
112
282
26
24
48
88
30
192
84
48
18
170
80
126
100
64
100
364
150
56
24
110
12
94
50
66
26
76
52
56
74
114
84
6
28
102
244
32
280
32
68
64
16
100
64
240
80
146
198
256
60
90
8
74
112
36
66
16
18
18
210
48
102
84
86
18
78
130
64
30
22
274
40
50
128
22
104
30
104
18
44
52
6
142
314
62
104
84
68
22
24
10
174
44
56
16
24
64
40
106
80
54
14
70
64
16
94
8
32
12
10
112
136
100
154
6
88
116
80
60
8
16
172
72
22
18
94
32
74
162
34
60
20
50
58
26
46
34
116
30
22
32
76
162
14
48
84
196
82
80
34
52
38
8
58
224
132
268
82
94
60
30
198
36
96
8
70
10
34
114
50
92
42
58
12
58
660
40
10
86
36
218
36
72
44
32
280
46
56
26
42
40
30
142
30
16
6
8
226
178
138
74
72
44
146
102
54
76
104
144
12
10
212
156
58
10
52
100
14
46
94
14
114
14
120
38
194
50
8
8
42
28
58
26
36
28
42
16
66
182
12
14
168
198
52
22
122
10
46
18
18
450
12
150
122
72
12
14
34
30
8
28
272
16
120
24
8
162
104
42
184
10
22
22
50
22
26
252
28
8
10
78
56
6
32
36
22
26
34
66
82
12
152
84
90
126
36
8
158
210
30
16
26
130
158
74
252
72
44
16
108
78
22
64
60
64
36
12
48
50
40
30
210
84
20
50
92
266
158
46
76
152
98
28
32
26
124
42
30
6
36
82
28
34
22
84
54
34
26
100
18
90
18
38
16
48
12
12
50
20
18
160
134
114
94
60
126
58
112
244
354
56
312
48
54
50
118
46
8
24
46
56
46
8
96
148
20
66
84
240
68
140
134
12
34
14
48
32
68
230
36
6
16
144
96
44
48
50
190
16
6
110
54
26
8
14
44
68
44
60
24
46
10
96
56
80
38
20
96
66
6
136
12
48
64
136
66
54
20
114
62
166
228
58
54
32
90
34
52
12
118
92
94
66
130
32
176
44
68
82
158
76
44
108
96
16
126
38
68
110
90
86
54
234
22
108
110
74
210
20
112
114
156
104
52
86
22
64
58
40
68
76
220
28
24
74
6
20
278
226
18
102
68
28
64
24
62
20
74
14
22
100
22
44
10
88
114
34
60
40
158
34
110
158
32
160
64
54
74
46
118
112
136
72
60
56
64
94
10
126
58
20
86
138
86
114
236
30
46
74
52
44
128
140
48
112
62
130
54
68
60
96
104
256
244
98
62
60
160
118
60
114
20
20
26
164
54
26
60
204
56
40
82
12
558
446
192
40
46
58
28
6
44
68
8
102
110
12
58
40
66
120
86
28
20
270
26
72
50
10
428
58
104
64
74
72
114
26
62
10
46
26
84
20
16
60
242
94
76
80
90
124
178
106
18
110
192
24
90
186
30
210
28
66
50
8
132
136
12
8
18
122
52
22
44
116
42
8
16
58
24
228
68
30
60
116
18
62
30
10
16
126
20
124
24
82
156
160
14
150
44
48
32
34
234
16
8
110
208
56
16
24
108
12
196
56
92
28
30
10
6
38
56
126
30
116
120
38
36
16
190
46
72
166
22
186
64
18
86
44
68
24
254
12
58
6
34
200
74
22
24
64
36
124
82
52
54
56
42
20
12
62
72
66
6
354
132
266
76
150
74
48
60
156
6
64
204
44
126
58
14
64
150
14
32
44
132
34
122
12
56
48
54
72
72
26
36
136
42
28
18
154
102
20
40
152
286
52
14
162
6
158
14
194
48
38
210
70
32
58
92
34
146
16
18
286
172
128
42
116
30
72
100
142
66
36
12
162
116
26
16
112
112
120
126
12
174
12
24
50
120
94
62
72
54
110
282
110
46
54
54
40
116
62
136
84
38
96
182
44
100
12
44
48
52
24
6
126
176
54
148
134
32
56
86
134
152
60
52
12
86
140
226
122
156
20
34
108
54
132
186
96
80
110
32
20
16
20
14
400
176
36
16
8
54
200
8
10
34
46
136
118
106
36
34
20
228
18
10
16
162
34
16
46
110
204
94
28
74
48
6
74
152
80
50
92
16
152
74
18
44
8
290
72
8
24
44
56
64
60
288
102
54
28
18
44
190
138
24
14
46
100
34
96
50
8
12
34
10
68
28
14
28
38
32
88
8
172
28
100
68
122
46
20
188
62
222
6
14
32
258
100
106
96
84
26
30
372
34
6
36
20
32
52
142
114
132
104
18
24
48
76
16
54
122
118
76
20
44
144
132
158
74
10
14
94
12
20
26
90
60
220
34
202
154
56
216
38
32
98
52
84
56
112
20
28
190
158
24
18
34
92
58
116
26
60
156
36
26
34
204
84
16
38
108
16
72
90
58
140
24
46
130
210
44
144
94
38
78
110
222
120
66
116
28
134
48
14
106
42
36
8
56
122
12
70
262
12
104
292
82
8
108
168
38
18
8
52
30
128
64
108
48
242
10
58
152
74
42
14
14
48
134
20
24
138
46
98
20
30
322
180
194
92
76
44
30
76
62
44
42
34
18
134
10
10
32
32
14
102
28
20
198
52
74
30
44
118
106
68
166
78
352
52
90
28
42
18
118
8
54
18
76
82
42
314
34
104
96
22
14
6
128
42
398
14
114
18
8
116
16
14
68
30
160
162
230
38
30
32
30
302
10
62
116
38
136
256
382
90
70
148
66
88
190
202
46
166
22
180
404
72
8
32
38
90
20
200
6
58
22
154
10
78
66
24
60
54
68
62
22
82
58
266
10
90
28
54
164
8
26
216
24
132
68
16
32
12
34
22
194
192
48
34
140
18
66
24
110
28
120
80
272
530
28
80
70
14
416
12
74
18
110
8
6
330
152
54
72
42
76
104
150
104
152
156
38
38
16
122
78
60
28
86
52
78
14
28
218
26
26
154
98
36
30
20
82
186
8
8
336
126
88
46
54
106
16
16
16
40
48
94
34
14
170
108
66
32
134
30
10
22
134
30
30
114
234
26
120
22
118
36
18
248
216
130
126
36
188
84
14
10
74
44
56
30
40
8
88
18
158
80
12
46
10
54
20
120
32
64
18
98
54
36
76
38
22
20
38
292
18
64
218
42
130
22
62
126
14
114
28
62
78
46
110
18
66
162
44
146
14
110
12
66
28
48
60
10
48
86
72
8
16
70
12
38
40
58
30
36
134
48
24
252
58
146
22
24
46
48
380
44
204
46
50
10
110
20
76
84
160
128
26
146
14
270
22
14
14
26
6
76
176
338
106
28
252
198
96
182
34
70
90
118
22
106
38
56
12
44
30
192
12
194
52
10
22
42
34
330
44
48
114
104
14
82
130
68
6
56
14
142
20
164
90
76
12
92
54
68
38
22
246
12
30
60
12
18
88
80
166
126
84
42
78
26
32
34
122
52
116
42
14
208
22
56
84
22
316
32
46
46
140
30
40
122
26
136
390
74
30
40
188
10
370
72
122
262
158
76
18
40
62
312
166
28
18
82
24
52
68
38
44
348
172
16
334
40
36
6
192
86
16
18
12
90
76
58
46
38
112
18
18
74
56
58
22
62
8
94
120
64
50
152
10
180
26
28
8
106
122
26
168
16
82
216
20
18
118
78
6
66
32
38
16
24
32
18
100
24
290
66
56
184
38
32
80
54
102
70
28
58
202
232
44
36
76
86
222
134
16
86
138
40
10
36
24
282
76
256
16
12
212
98
80
30
16
44
116
12
32
162
86
124
10
314
72
42
10
666
44
94
8
50
212
10
92
174
128
44
34
42
18
272
52
118
240
224
26
118
82
12
104
172
114
60
130
90
94
42
420
256
28
30
24
30
196
54
42
28
62
46
56
14
6
18
24
58
78
104
30
148
80
128
266
132
64
30
136
28
108
26
78
134
26
46
96
240
8
168
8
402
118
138
126
80
28
16
102
122
16
6
60
84
62
16
238
22
48
10
192
30
38
42
28
266
42
146
12
48
34
138
62
10
16
104
8
20
88
144
366
248
26
32
52
266
124
74
40
38
72
38
24
126
40
84
72
14
16
78
96
96
28
100
124
8
114
64
120
58
10
60
88
66
120
58
70
50
52
6
46
20
356
16
22
56
196
108
132
88
74
26
12
148
28
286
252
74
66
106
30
108
76
46
44
68
74
34
204
38
256
28
8
342
76
42
340
8
76
56
20
12
48
60
254
218
122
72
42
60
136
44
116
200
48
52
116
62
180
40
84
188
16
16
96
288
46
12
6
166
18
18
84
48
12
10
68
144
10
6
34
8
46
8
10
10
10
200
16
6
208
258
200
12
136
92
166
28
24
40
42
52
16
92
116
30
20
8
76
88
48
26
24
180
32
244
78
8
82
118
116
18
88
8
106
50
90
92
78
16
82
106
46
26
14
90
98
18
228
172
28
68
80
100
70
184
18
48
34
18
96
26
78
24
102
20
206
262
28
102
426
40
14
18
80
52
48
112
190
86
22
8
14
404
34
188
182
20
14
54
276
18
42
100
108
12
124
38
34
44
54
100
126
14
14
26
68
114
104
94
76
16
8
28
64
184
72
116
52
484
106
114
74
64
136
16
36
24
60
22
18
68
34
322
62
86
56
26
86
24
46
64
70
22
22
8
20
28
40
30
66
78
86
46
26
26
14
10
122
218
98
40
90
6
106
44
24
34
236
22
44
50
12
54
64
376
58
58
48
48
104
30
16
8
78
22
58
100
52
72
26
484
128
104
76
20
58
64
10
86
60
96
30
8
88
54
14
32
130
8
40
112
36
218
16
54
264
14
80
20
120
14
186
136
8
106
14
206
112
10
16
54
88
58
54
16
12
38
50
58
32
130
62
28
258
68
6
14
42
98
204
40
56
78
26
68
128
160
74
176
78
40
142
116
288
66
92
56
92
24
170
50
16
96
34
176
24
28
34
22
86
46
326
80
34
84
54
20
10
8
44
46
46
238
236
174
38
208
30
76
40
28
140
206
78
50
38
104
8
132
62
12
134
90
88
78
92
40
12
6
36
108
22
12
16
30
16
12
104
76
20
278
112
80
430
92
84
76
24
30
42
48
18
28
110
100
246
32
40
38
214
108
134
48
8
110
46
90
38
82
462
20
34
64
78
34
16
172
44
34
54
92
32
64
22
368
42
18
34
400
212
8
38
28
50
164
14
72
54
64
148
10
48
38
10
130
52
52
8
108
16
16
16
110
12
24
32
128
110
76
18
26
150
192
22
200
160
74
58
82
44
6
16
8
68
22
202
12
36
122
140
36
178
114
20
68
94
12
70
56
28
184
6
28
12
64
28
60
92
20
172
8
56
204
32
120
226
146
44
38
106
20
248
6
26
52
30
20
18
18
42
56
76
98
26
32
232
58
8
32
76
28
12
18
16
8
64
34
150
64
36
134
132
34
20
116
12
50
126
172
146
44
80
272
110
56
52
150
140
42
10
54
44
54
90
38
16
8
14
186
190
66
46
88
12
30
26
14
110
18
120
36
18
8
18
268
16
140
8
52
54
152
54
150
388
18
22
14
34
42
8
14
10
150
34
44
30
56
178
10
32
104
110
82
66
112
130
42
148
64
250
16
122
64
10
108
184
74
10
144
50
78
26
34
76
76
40
100
16
64
100
100
16
142
84
102
372
32
184
64
184
14
214
30
30
22
32
34
84
104
16
42
10
36
28
74
32
32
22
52
110
42
20
52
74
176
10
86
10
6
14
12
204
16
66
100
116
58
212
16
42
56
88
260
132
30
56
80
156
38
164
18
100
138
38
178
122
224
50
78
256
70
18
8
30
76
18
116
156
34
32
20
108
30
18
106
20
46
246
88
116
256
214
94
86
72
50
8
272
280
132
62
40
36
46
74
110
36
68
30
192
58
178
10
12
40
172
100
22
34
24
36
58
10
16
14
8
130
26
92
10
154
44
188
42
132
148
70
112
12
112
78
16
60
16
44
10
48
196
208
38
44
32
116
50
98
68
128
46
44
120
6
8
26
54
86
248
26
70
10
28
72
20
18
36
58
26
96
82
46
74
242
82
40
84
230
18
38
18
200
10
52
292
98
18
104
10
102
166
26
82
14
300
94
34
26
264
18
80
92
8
42
128
26
64
16
36
346
12
130
8
164
106
82
142
176
28
106
32
56
98
144
62
66
120
98
52
44
26
20
140
44
242
146
224
94
82
74
110
76
8
6
32
6
8
152
18
44
44
42
40
154
124
18
10
70
50
16
108
98
62
280
40
34
214
22
18
178
28
22
156
118
130
18
76
86
18
156
12
6
54
16
322
84
18
92
18
138
38
92
162
34
38
68
34
14
42
44
18
50
228
32
136
48
18
168
88
12
74
18
26
388
36
38
58
18
140
12
48
92
226
126
30
90
206
12
48
28
86
122
198
226
128
62
26
58
24
54
58
128
34
38
90
16
6
198
110
116
90
18
20
182
60
86
8
52
236
226
40
168
66
38
292
30
8
218
64
60
8
80
104
52
36
76
104
52
64
162
132
52
120
94
28
66
40
6
110
10
12
38
20
8
38
44
30
114
62
48
52
74
104
68
52
8
66
32
142
98
52
76
28
28
222
136
86
114
362
32
30
36
110
96
92
128
18
42
34
18
158
62
20
82
10
80
34
6
40
156
150
72
28
148
118
108
102
42
88
14
68
72
88
234
44
56
16
82
198
52
132
32
70
70
54
132
12
26
106
102
202
86
56
350
70
60
68
54
446
104
6
18
48
70
76
46
134
86
24
28
240
58
18
130
44
126
40
142
32
14
38
62
6
52
14
94
186
58
268
92
158
8
68
44
64
348
18
56
66
72
40
58
198
56
168
36
58
144
56
142
8
6
120
286
332
78
26
48
6
40
188
46
22
98
26
26
66
74
108
104
14
38
62
16
190
132
62
30
60
58
156
186
18
56
24
42
66
70
18
28
98
76
132
62
76
70
50
64
20
160
330
244
14
74
126
94
8
182
132
8
286
104
24
42
38
16
84
146
56
72
14
46
34
96
112
102
24
122
10
70
106
20
16
68
84
126
64
42
176
76
66
52
102
62
34
42
16
14
8
200
34
20
82
58
28
138
22
50
110
166
184
38
96
44
78
46
76
10
34
28
184
8
72
40
46
88
34
66
18
212
58
16
20
78
124
260
14
58
192
54
98
178
86
90
10
292
104
50
20
32
80
40
18
32
100
24
22
40
84
130
106
260
98
20
26
248
46
124
64
78
158
12
110
34
42
20
208
84
46
52
34
34
104
94
116
74
92
20
180
170
18
24
84
26
6
90
18
68
158
72
60
52
94
50
220
40
38
12
140
88
40
82
164
28
48
78
126
88
106
66
22
26
154
34
162
102
100
286
316
54
360
92
12
278
190
98
14
124
16
348
48
22
24
80
348
86
26
88
8
434
144
36
190
68
70
158
16
50
188
144
62
94
44
112
58
58
98
66
70
12
92
140
48
66
6
78
58
414
404
26
82
116
12
78
70
48
26
40
246
20
38
200
96
20
92
52
108
42
42
138
64
150
34
12
84
24
26
6
6
188
126
18
28
112
104
174
70
16
24
36
44
80
44
138
56
128
160
64
60
48
60
170
84
236
156
48
22
8
126
12
90
46
12
12
16
88
28
80
230
16
76
28
8
62
20
32
194
196
172
228
126
74
318
148
64
148
58
20
76
256
20
8
22
14
30
74
14
26
24
16
8
176
12
38
54
10
40
248
206
20
186
34
134
52
48
22
90
60
206
12
16
6
14
110
12
142
42
76
314
66
14
202
96
8
58
10
50
34
46
96
26
62
126
276
16
22
202
40
116
14
102
14
164
96
364
26
66
8
22
92
186
36
10
174
164
44
88
168
76
204
8
10
10
52
20
54
22
18
10
84
56
148
156
6
68
274
44
66
90
30
92
50
112
98
32
86
24
52
18
16
264
136
64
32
42
46
52
116
78
348
60
184
32
78
48
120
38
206
26
90
54
182
142
22
66
36
20
76
62
42
94
28
46
196
164
66
52
30
92
100
36
140
78
142
54
24
46
18
24
50
74
8
98
46
74
122
390
62
24
86
32
142
16
114
34
98
56
58
226
326
154
14
40
18
18
6
28
182
134
172
22
18
106
50
68
152
84
118
106
268
170
218
68
70
46
176
46
94
118
66
20
12
80
48
278
38
30
52
24
58
110
144
128
60
136
16
552
78
12
264
44
96
78
86
24
8
44
6
14
14
14
60
48
154
36
80
68
168
204
8
12
102
70
10
162
182
346
96
214
32
248
100
22
90
28
44
20
176
188
22
66
44
446
32
20
66
48
266
72
188
190
78
8
14
90
82
308
46
220
22
58
8
46
82
68
82
64
112
30
18
68
52
30
30
250
14
40
162
58
24
58
166
94
12
86
96
26
36
150
158
144
20
278
146
26
24
172
56
36
112
182
158
102
14
8
26
64
42
106
104
44
8
50
50
90
30
34
10
100
8
136
138
6
44
34
72
82
120
124
20
556
32
20
40
214
82
124
24
6
48
10
94
32
26
230
46
366
12
28
42
224
52
16
84
8
42
192
38
80
112
18
126
154
38
40
146
66
20
90
88
14
54
40
46
124
14
24
28
180
48
18
50
18
192
62
24
84
54
18
56
144
20
208
144
66
40
72
78
66
138
100
88
128
120
144
38
100
52
100
156
208
166
106
16
196
40
18
8
18
66
44
406
84
76
16
76
38
96
38
18
34
22
242
16
120
212
18
18
58
12
16
12
98
42
78
26
8
48
280
84
42
28
90
10
40
36
34
80
16
76
138
52
320
30
66
56
38
188
54
78
8
38
292
26
34
34
32
86
96
30
104
20
70
12
202
18
90
110
88
48
20
36
126
14
126
12
104
178
26
144
92
10
16
50
222
24
26
72
42
88
40
74
90
8
28
8
10
206
82
82
34
150
158
32
34
12
112
22
184
34
50
10
196
148
172
192
54
66
198
212
10
34
40
56
32
96
170
230
16
68
22
26
122
26
106
282
388
136
64
68
14
8
308
86
52
66
28
108
144
38
310
422
34
240
178
106
72
42
50
14
48
74
110
64
42
58
38
192
58
142
144
268
6
18
36
68
424
26
46
262
66
10
20
14
116
90
64
32
30
16
26
44
114
42
8
86
10
184
76
124
48
152
98
86
22
108
62
146
52
34
94
40
78
38
148
108
20
86
14
474
40
196
62
8
16
26
8
48
48
36
54
14
78
210
76
280
152
142
14
8
258
40
42
48
14
88
396
14
38
236
14
160
10
34
150
288
116
12
254
100
162
32
178
18
106
12
10
178
140
88
32
254
12
182
32
24
66
26
150
122
82
162
58
30
160
110
52
32
88
54
214
60
146
10
152
28
154
18
72
64
116
42
78
12
144
42
134
92
82
36
6
20
56
14
176
62
20
60
60
44
20
116
204
76
48
202
202
42
108
104
38
212
86
170
84
10
30
212
118
32
22
64
54
130
196
206
40
12
144
104
326
230
212
50
66
80
12
128
204
24
70
102
126
102
16
108
78
12
122
14
26
36
268
52
110
104
48
68
112
76
18
128
50
28
342
88
118
238
66
238
14
72
32
100
14
152
24
116
26
100
22
118
44
32
92
152
94
28
20
140
156
118
116
48
46
10
62
26
42
190
42
10
72
32
294
106
300
20
242
74
76
40
12
24
68
46
150
12
188
148
120
134
56
16
398
260
60
60
62
52
106
32
92
180
14
216
140
48
100
18
88
60
70
112
12
118
138
200
70
98
8
30
104
92
56
56
52
32
128
24
156
140
472
28
12
10
80
18
166
84
12
122
136
40
52
122
32
54
164
100
166
218
80
234
116
42
34
186
16
54
98
72
32
62
64
68
158
88
174
56
84
104
46
10
106
20
102
30
28
6
30
16
168
230
294
134
54
156
252
32
50
66
34
146
120
50
72
122
36
116
194
118
76
240
38
96
100
20
84
144
124
36
12
72
20
14
18
52
122
40
10
152
46
116
26
412
154
66
144
148
20
60
40
62
222
14
200
60
84
294
10
62
240
222
64
6
156
152
32
50
82
86
42
20
10
64
24
38
34
126
30
38
10
8
122
12
48
350
22
38
28
8
24
214
12
282
36
464
26
216
68
98
8
6
28
8
64
100
54
12
98
42
6
90
120
26
76
182
126
16
214
188
24
122
52
124
18
204
104
234
48
20
12
86
66
114
30
52
24
16
90
222
96
34
56
40
28
34
8
88
16
36
32
114
108
10
10
254
74
62
130
44
228
168
222
344
24
130
10
28
10
36
18
32
72
24
106
22
44
80
62
68
12
22
142
472
8
40
14
158
390
134
16
10
198
54
18
110
406
14
60
74
320
68
174
80
16
18
22
16
22
40
50
58
570
174
62
20
24
76
70
56
90
146
92
28
56
252
30
54
176
44
110
40
10
50
200
60
68
86
8
82
102
44
6
32
40
54
28
238
68
276
36
6
90
80
162
102
128
50
106
54
40
82
62
62
80
58
76
44
120
82
104
184
40
20
82
44
134
238
22
60
194
34
128
66
56
152
158
14
56
124
80
108
162
138
38
38
124
168
40
52
54
438
50
74
70
54
104
190
26
20
10
32
14
114
98
34
80
60
64
78
38
14
56
22
38
162
82
276
70
86
114
54
56
12
40
94
112
66
48
14
48
52
38
160
146
16
22
28
10
34
70
36
40
34
60
244
48
102
16
84
146
54
22
76
38
156
188
14
28
98
58
70
274
96
82
126
162
154
94
6
38
46
206
14
10
226
28
22
90
186
14
32
36
46
50
50
22
8
70
34
180
84
30
166
22
102
48
12
16
64
30
72
170
110
18
86
78
98
54
214
52
152
16
58
126
196
72
24
8
40
32
50
166
54
48
40
12
40
66
10
14
54
14
158
122
12
208
8
102
112
308
234
74
24
30
88
114
44
68
22
36
108
26
192
130
186
128
152
34
60
90
56
24
86
30
54
40
80
236
20
26
40
32
178
22
70
222
118
84
46
88
22
64
10
104
12
80
270
8
282
176
32
108
30
110
76
68
72
146
154
222
62
32
126
118
76
8
36
78
6
78
32
136
100
48
50
38
242
90
10
26
80
62
74
168
10
18
8
32
168
12
52
256
8
36
18
68
80
12
80
6
156
94
194
18
124
60
30
28
28
146
92
26
66
40
62
28
194
190
164
384
28
56
14
58
56
172
120
102
12
44
234
186
38
52
34
30
90
52
42
60
102
100
52
28
72
282
48
32
64
140
6
34
22
318
32
16
6
14
112
62
16
140
112
166
128
12
50
16
8
82
12
98
52
264
384
42
66
330
14
22
10
62
168
140
130
22
54
52
102
94
26
32
54
88
44
28
158
110
50
92
22
116
20
138
64
22
106
156
22
36
38
28
116
144
8
160
16
106
66
22
50
156
150
52
126
164
228
80
52
34
18
20
28
56
70
16
64
72
68
92
26
30
58
150
56
42
122
76
24
234
82
134
32
164
68
222
68
138
28
88
78
80
44
16
16
76
172
98
58
80
158
34
86
84
38
48
28
36
132
28
36
128
132
56
46
66
140
30
26
30
326
34
54
32
36
16
20
60
40
130
78
160
50
130
72
110
12
200
24
8
56
36
42
16
200
28
32
90
118
120
62
72
72
112
158
20
150
20
124
40
42
148
46
50
42
72
114
146
98
34
12
532
24
12
14
32
96
114
18
28
46
16
166
40
72
10
84
250
148
10
48
6
20
126
16
58
82
20
78
36
24
138
34
62
68
28
222
22
104
78
24
38
88
86
78
26
76
48
86
16
38
162
78
22
62
156
64
66
134
64
60
78
18
36
252
92
34
188
14
110
252
32
102
152
10
80
168
42
128
82
72
52
100
24
118
6
42
68
32
76
24
80
18
148
80
120
30
44
6
112
134
66
10
66
76
10
104
94
114
18
28
62
22
14
66
10
130
48
12
24
22
102
62
126
132
64
10
156
36
144
30
194
44
144
42
128
126
94
164
94
8
74
54
6
42
198
20
188
132
88
22
34
24
40
42
84
60
26
68
18
32
158
36
16
118
150
100
246
48
52
112
176
34
120
70
32
30
248
14
126
114
170
26
54
38
88
208
104
72
74
182
38
86
204
166
150
86
8
12
24
34
92
16
28
124
80
100
16
12
60
44
40
50
44
62
194
10
28
50
98
62
128
50
104
12
208
154
100
160
166
10
32
160
58
102
68
84
34
316
44
182
82
50
182
6
90
108
122
180
80
62
28
6
10
264
46
104
60
64
62
30
14
6
132
238
160
90
54
44
250
486
72
74
370
88
44
10
258
98
104
154
48
10
72
56
106
136
86
18
46
6
120
44
6
30
110
204
126
166
286
44
12
84
26
12
26
202
126
42
86
40
60
80
160
116
50
36
54
288
38
16
60
82
52
10
120
54
88
58
12
166
70
32
38
276
86
118
338
48
72
194
8
38
72
114
60
270
10
118
86
30
82
92
484
38
62
72
120
110
150
40
82
62
74
12
130
14
54
24
80
58
52
32
56
164
46
128
84
160
24
64
44
18
14
132
202
58
86
48
26
68
62
42
70
170
108
80
8
68
94
28
32
66
10
34
86
36
66
68
356
34
32
22
262
18
92
152
26
96
6
14
44
28
64
8
6
52
14
82
404
14
46
26
56
36
8
26
182
42
68
354
108
44
12
54
144
70
